     0/299     9.93G     0.089  0.008264         0   0.09726        24       320   0.02583   0.04348  0.002529 0.0004514    0.1145  0.009698         0
     1/299     9.97G   0.08257  0.008746         0   0.09131        34       320   0.04737   0.05686  0.008735  0.001819    0.1095  0.009499         0
     2/299     9.97G   0.07923  0.008431         0   0.08766         9       320    0.1728    0.0301  0.009644  0.002046    0.1071  0.009423         0
     3/299     9.97G   0.07493  0.009733         0   0.08467        32       320   0.04025   0.07692  0.007285   0.00109    0.1018   0.01017         0
     4/299     9.97G   0.07191  0.009912         0   0.08182        45       320   0.08178   0.03344   0.01268  0.004063   0.09858   0.01048         0
     5/299     9.97G   0.06853   0.01038         0   0.07891        19       320    0.1076    0.1003   0.02361  0.006964   0.09391   0.01073         0
     6/299     9.97G   0.06597   0.01062         0   0.07659        24       320    0.1832    0.1505   0.05857   0.01405   0.08604   0.01123         0
     7/299     9.97G   0.06059   0.01153         0   0.07212        33       320    0.2487    0.2609    0.1255   0.03526   0.08273   0.01121         0
     8/299     9.97G   0.05899   0.01142         0   0.07041        16       320    0.1308    0.2129    0.0803   0.01888   0.07989   0.01136         0
     9/299     9.97G   0.05388   0.01228         0   0.06615        30       320    0.1615    0.3946    0.1199   0.02992   0.07206   0.01197         0
    10/299     9.97G   0.05248    0.0115         0   0.06398        20       320    0.2792    0.3946    0.2108   0.06047   0.06872   0.01183         0
    11/299     9.97G   0.05242   0.01148         0    0.0639        16       320    0.1489    0.4816    0.1147   0.02479   0.07514   0.01095         0
    12/299     9.97G   0.05012   0.01229         0   0.06241        38       320    0.3239    0.4615    0.2933   0.08962   0.07004   0.01096         0
    13/299     9.97G    0.0488   0.01165         0   0.06045        36       320    0.3793    0.4615    0.3525    0.1131   0.06343   0.01124         0
    14/299     9.97G   0.04791   0.01078         0   0.05869        28       320    0.3627    0.5318    0.3591    0.1029   0.06471   0.01098         0
    15/299     9.97G   0.04697   0.01178         0   0.05875        39       320    0.3046    0.4923    0.3079   0.09128   0.06564   0.01079         0
    16/299     9.97G   0.04638   0.01095         0   0.05733        25       320    0.2883    0.5039    0.2637   0.08017   0.06282   0.01085         0
    17/299     9.97G   0.04756   0.01119         0   0.05875        30       320    0.4253    0.4816    0.4666    0.1728   0.06402   0.01071         0
    18/299     9.97G   0.04477   0.01076         0   0.05553        23       320    0.3775    0.5853    0.4034    0.1338   0.05809   0.01102         0
    19/299     9.97G   0.04374  0.009924         0   0.05367        21       320    0.5619     0.612    0.5863    0.2279   0.05681   0.01069         0
    20/299     9.97G    0.0415   0.01001         0   0.05151        23       320    0.5943    0.6856    0.6409    0.3269   0.05501   0.01044         0
    21/299     9.97G   0.04161  0.009557         0   0.05116        16       320    0.5749     0.602    0.5931    0.2307   0.05725   0.01035         0
    22/299     9.97G   0.04184  0.009199         0   0.05104        17       320    0.7718    0.5585     0.648    0.2981    0.0586    0.0102         0
    23/299     9.97G   0.04127  0.009234         0   0.05051        18       320    0.5928    0.6722    0.6287    0.2681   0.05614   0.01008         0
    24/299     9.97G   0.03971  0.009308         0   0.04901        27       320    0.6283    0.6856    0.6325    0.2379   0.05406   0.01011         0
    25/299     9.97G   0.03927  0.008604         0   0.04787        14       320    0.5604     0.709    0.6059    0.2544    0.0578   0.01009         0
    26/299     9.97G    0.0398  0.009109         0   0.04891        28       320    0.7089    0.6722    0.7216    0.3611    0.0545  0.009939         0
    27/299     9.97G   0.03718  0.008972         0   0.04615        20       320    0.5775    0.6689    0.6094    0.2728   0.05565  0.009453         0
    28/299     9.97G     0.038  0.007974         0   0.04597        11       320    0.6059    0.7351     0.637    0.3179   0.05359  0.009798         0
    29/299     9.97G   0.03884  0.008424         0   0.04727        16       320    0.7312    0.6914    0.7378    0.3777   0.05297  0.009668         0
    30/299     9.97G   0.03769  0.008363         0   0.04605         8       320    0.5976    0.6754    0.6383    0.3022   0.05872  0.009565         0
    31/299     9.97G   0.03594   0.00765         0   0.04359        10       320    0.6987    0.7057    0.6914    0.3371   0.05583   0.00951         0
    32/299     9.97G    0.0367  0.008651         0   0.04535        27       320    0.7319    0.6722    0.6956    0.3455   0.05199  0.009484         0
    33/299     9.97G   0.03565  0.007614         0   0.04326        11       320    0.6775    0.6884    0.6954    0.3494   0.05379  0.009376         0
    34/299     9.97G   0.03645  0.008036         0   0.04448        18       320    0.6666    0.6856    0.6771     0.276    0.0574  0.009448         0
    35/299     9.97G   0.03647  0.008564         0   0.04503        31       320    0.6716    0.7191    0.6939    0.3657   0.05521  0.009307         0
    36/299     9.97G   0.03547  0.008153         0   0.04362        29       320    0.7613    0.7157    0.7627    0.3905   0.05079  0.009391         0
    37/299     9.97G   0.03441  0.007754         0   0.04216        12       320     0.806    0.6253    0.7151    0.3897   0.05247  0.009624         0
    38/299     9.97G   0.03599  0.007909         0    0.0439        31       320    0.7138    0.6923    0.7295     0.361    0.0532  0.009444         0
    39/299     9.97G   0.03471  0.008036         0   0.04274        13       320    0.7445    0.6921    0.7292    0.4017   0.05097  0.009418         0
    40/299     9.97G    0.0351  0.008142         0   0.04325        37       320    0.7231    0.7258    0.7557    0.4376   0.05091  0.009187         0
    41/299     9.97G   0.03452  0.007721         0   0.04224         6       320    0.7314    0.7224    0.7446    0.4217   0.05107  0.009366         0
    42/299     9.97G   0.03273  0.007606         0   0.04034        14       320    0.7322    0.6321    0.6972    0.3664   0.05533  0.009549         0
    43/299     9.97G   0.03322  0.007495         0   0.04072        21       320    0.6973    0.6722    0.7136    0.4081   0.05061  0.009664         0
    44/299     9.97G   0.03235  0.007128         0   0.03948        24       320    0.7895     0.665    0.7701    0.4419   0.05033  0.009514         0
    45/299     9.97G   0.03378  0.007814         0   0.04159        20       320    0.7705    0.6735    0.7363    0.3774    0.0521  0.009315         0
    46/299     9.97G   0.03174  0.007397         0   0.03914        16       320    0.8051    0.6789    0.7611     0.452   0.04893  0.009258         0
    47/299     9.97G     0.031  0.007467         0   0.03847        30       320    0.7263    0.6922     0.739     0.388   0.05344  0.009464         0
    48/299     9.97G   0.03286  0.006856         0   0.03972        13       320    0.7534    0.7052    0.7641    0.4513   0.04773  0.009487         0
    49/299     9.97G   0.03233  0.006983         0   0.03932        26       320    0.7826    0.6983    0.7851    0.4433   0.05062  0.009677         0
    50/299     9.97G   0.03302  0.007399         0   0.04042         8       320    0.7371    0.7692    0.7925    0.4665    0.0485  0.009296         0
    51/299     9.97G    0.0306  0.007249         0   0.03785         9       320    0.8072    0.6722    0.7594    0.4153   0.05185  0.009425         0
    52/299     9.97G   0.03108  0.006895         0   0.03798         8       320    0.7878    0.6953    0.7856    0.4556   0.04737  0.009273         0
    53/299     9.97G   0.03056  0.007108         0   0.03767        12       320    0.8135    0.6711    0.7603    0.4394   0.04707  0.009417         0
    54/299     9.97G   0.03153  0.007449         0   0.03898        37       320     0.799    0.6645    0.7584    0.4433    0.0466  0.009625         0
    55/299     9.97G   0.03042  0.006859         0   0.03728        20       320    0.8072    0.6455    0.7371    0.4054   0.04874  0.009892         0
    56/299     9.97G   0.02998   0.00668         0   0.03666        23       320     0.799    0.6117    0.6821    0.3878    0.0508   0.01102         0
    57/299     9.97G   0.03026  0.007151         0   0.03741        29       320    0.7172    0.7726    0.7913    0.4639    0.0454  0.009429         0
    58/299     9.97G   0.03118  0.008026         0   0.03921        27       320    0.7271    0.6421    0.7369    0.4134   0.04962  0.009528         0
    59/299     9.97G    0.0302  0.007221         0   0.03742        14       320    0.8158     0.699     0.776    0.4714    0.0465  0.009154         0
    60/299     9.97G   0.03052   0.00765         0   0.03817        23       320    0.7931    0.6823     0.796    0.4765   0.04514   0.00914         0
    61/299     9.97G    0.0305  0.007018         0   0.03752        26       320    0.7736    0.6855    0.7674    0.4597   0.04812   0.00924         0
    62/299     9.97G   0.03159  0.007235         0   0.03883        27       320    0.7063    0.7157    0.7484    0.4373   0.04967  0.009515         0
    63/299     9.97G   0.03134  0.007307         0   0.03864        29       320    0.6776    0.6186    0.6581    0.3725   0.05195   0.01004         0
    64/299     9.97G   0.03742  0.007301         0   0.04472        21       320    0.6152     0.401     0.457    0.2001   0.06788   0.01143         0
    65/299     9.97G   0.03612  0.007586         0   0.04371        16       320     0.657    0.5445    0.5856    0.3133   0.05741     0.011         0
    66/299     9.97G   0.03314  0.007626         0   0.04077        23       320    0.7298    0.6689    0.7082    0.3989   0.04891  0.009805         0
    67/299     9.97G   0.03431   0.00863         0   0.04294        70       320    0.6928    0.6185    0.6722    0.3724   0.05329   0.01022         0
    68/299     9.97G   0.03258  0.007412         0   0.03999        31       320    0.7282     0.592    0.6829    0.3965   0.05221   0.00956         0
    69/299     9.97G   0.03154  0.007477         0   0.03902        45       320    0.7645    0.7055    0.7622    0.4255   0.04839  0.009483         0
    70/299     9.97G   0.03182  0.007558         0   0.03938        15       320    0.8418    0.6587    0.7898     0.461   0.04584  0.009328         0
    71/299     9.97G   0.03289   0.00725         0   0.04014        15       320    0.7971    0.6589     0.763    0.4437   0.04676  0.009586         0
    72/299     9.97G   0.03157  0.007064         0   0.03863        15       320    0.7654     0.699    0.7458    0.4139   0.04815  0.009618         0
    73/299     9.97G   0.03114  0.007207         0   0.03835         7       320    0.7596    0.6551     0.738     0.418   0.04888  0.009617         0
    74/299     9.97G   0.03131  0.006946         0   0.03825        25       320    0.7509     0.615    0.7148    0.4056   0.04669   0.01059         0
    75/299     9.97G   0.03125  0.007143         0    0.0384        21       320    0.7596    0.6689    0.7321    0.4134   0.04609   0.01014         0
    76/299     9.97G   0.03325  0.007438         0   0.04069        16       320    0.7923    0.6254    0.7385    0.4351   0.04555    0.0099         0
    77/299     9.97G   0.03053  0.007225         0   0.03775         6       320    0.8014    0.7023     0.778    0.4671   0.04368  0.009551         0
    78/299     9.97G   0.03212  0.006792         0   0.03891        26       320     0.865    0.5784    0.7274    0.4054   0.04775  0.009754         0
    79/299     9.97G   0.03062  0.006887         0   0.03751        13       320    0.7488    0.6689     0.742    0.4119   0.04896  0.009601         0
    80/299     9.97G   0.03121  0.007286         0   0.03849        24       320    0.7237    0.6756    0.7065    0.3911   0.04628    0.0102         0
    81/299     9.97G   0.03028  0.007058         0   0.03734        29       320    0.6939    0.7291    0.7626    0.4345   0.04587  0.009788         0
    82/299     9.97G   0.03104  0.007271         0   0.03831        20       320    0.7181    0.7155    0.7443    0.4344   0.04424  0.009773         0
    83/299     9.97G   0.03124  0.007884         0   0.03912        47       320    0.8093    0.5818    0.7049    0.3646   0.04832   0.01024         0
    84/299     9.97G   0.03136  0.007195         0   0.03856        10       320    0.8421    0.6419    0.7743    0.4709   0.04283  0.009596         0
    85/299     9.97G   0.03053  0.007045         0   0.03758        11       320    0.6893    0.6454    0.6837    0.3795   0.04848   0.01045         0
    86/299     9.97G   0.03136  0.007021         0   0.03838        26       320    0.7741    0.6989    0.7611    0.4408   0.04483   0.01007         0
    87/299     9.97G   0.02938  0.007519         0    0.0369        33       320    0.7233    0.6923    0.7464    0.4331   0.04494   0.01008         0
    88/299     9.97G   0.03243  0.006853         0   0.03928        27       320    0.7889    0.6388    0.7384    0.4327    0.0455    0.0099         0
    89/299     9.97G   0.02889  0.007135         0   0.03602        23       320    0.8523    0.6388    0.7911    0.4619   0.04234  0.009617         0
    90/299     9.97G   0.02949   0.00679         0   0.03628        16       320    0.7975    0.6589    0.7594    0.4476   0.04546  0.009757         0
    91/299     9.97G   0.02954  0.006918         0   0.03645        21       320    0.7765    0.6621    0.7399    0.4245   0.04613  0.009604         0
    92/299     9.97G   0.02982  0.007407         0   0.03723        23       320    0.6892    0.7789    0.7753    0.4544   0.04404   0.01001         0
    93/299     9.97G   0.02987  0.006943         0   0.03682        13       320    0.7297    0.7222    0.7659    0.4363   0.04518   0.01005         0
    94/299     9.97G   0.02926  0.006907         0   0.03617        27       320     0.795    0.6488    0.7453    0.4183   0.04482  0.009975         0
    95/299     9.97G   0.02928  0.007142         0   0.03642        16       320    0.7967    0.6555    0.7477    0.4334   0.04439   0.01022         0
    96/299     9.97G   0.02992  0.007144         0   0.03707        24       320    0.7924    0.7023    0.7631    0.4438   0.04392   0.00977         0
    97/299     9.97G   0.02921   0.00709         0    0.0363        22       320    0.7621    0.6756    0.7527    0.4205   0.04649    0.0101         0
    98/299     9.97G   0.02888  0.007134         0   0.03602        38       320    0.7739     0.699    0.7681    0.4549   0.04423  0.009619         0
    99/299     9.97G   0.02891   0.00695         0   0.03586        22       320    0.7488    0.6589    0.7377     0.411   0.04495   0.01029         0
   100/299     9.97G    0.0291  0.006772         0   0.03587        22       320    0.8041    0.6455    0.7549    0.4405   0.04294   0.01013         0
   101/299     9.97G   0.02922  0.006913         0   0.03613        16       320    0.7415    0.6054    0.7074    0.4181   0.04598   0.01003         0
   102/299     9.97G   0.02896  0.007282         0   0.03624        36       320    0.8924    0.6654      0.79    0.4805   0.04262  0.009837         0
   103/299     9.97G   0.02812  0.006893         0   0.03501        20       320    0.7886    0.6986    0.7686    0.4607   0.04424  0.009881         0
   104/299     9.97G   0.02763  0.007141         0   0.03477        29       320    0.8123    0.6957     0.754    0.4428   0.04457   0.01001         0
   105/299     9.97G   0.02882  0.007435         0   0.03625        26       320    0.7785    0.6254     0.704    0.4252   0.04517   0.01045         0
   106/299     9.97G   0.02814  0.007234         0   0.03537        44       320    0.8273    0.6889    0.7652    0.4558   0.04232   0.01026         0
   107/299     9.97G   0.02731  0.006798         0   0.03411        22       320    0.8208    0.6923    0.7791    0.4594   0.04187   0.01017         0
   108/299     9.97G   0.02721  0.006889         0    0.0341        19       320    0.7696    0.7391    0.7737    0.4766   0.04156   0.01019         0
   109/299     9.97G   0.02748  0.006603         0   0.03408        28       320    0.8201    0.7324    0.8166    0.4972   0.04089   0.01031         0
   110/299     9.97G   0.02733  0.006326         0   0.03365        32       320    0.8658    0.6688    0.8027     0.492   0.04174   0.01016         0
   111/299     9.97G   0.02678  0.006924         0    0.0337         5       320    0.7845    0.7324    0.7974    0.4847   0.04093   0.01015         0
   112/299     9.97G   0.02695  0.006419         0   0.03337        12       320    0.8044    0.7157    0.7989    0.4751   0.04151  0.009998         0
   113/299     9.97G   0.02769  0.006824         0   0.03452        17       320    0.8471    0.6486    0.7749    0.4684    0.0405   0.01053         0
   114/299     9.97G   0.02675  0.007228         0   0.03398        20       320    0.7093    0.7124    0.7513    0.4554   0.04142   0.01088         0
   115/299     9.97G   0.02751  0.006622         0   0.03414         8       320    0.7695    0.6923    0.7546    0.4466   0.04305   0.01042         0
   116/299     9.97G   0.02709  0.006571         0   0.03366        17       320    0.7733    0.6847    0.7645    0.4603   0.04241    0.0107         0
   117/299     9.97G   0.02628  0.006693         0   0.03297        32       320    0.7843    0.6789    0.7535    0.4415   0.04371   0.01162         0
   118/299     9.97G   0.02712  0.006264         0   0.03338         8       320    0.8146    0.6319    0.7512    0.4323   0.04595   0.01041         0
   119/299     9.97G   0.02567  0.006583         0   0.03225        12       320    0.7834    0.7023    0.8113    0.4909   0.04134   0.01008         0
   120/299     9.97G   0.02611  0.005959         0   0.03207        14       320     0.776    0.7425    0.7986      0.49   0.04017   0.01039         0
   121/299     9.97G   0.02511  0.006705         0   0.03181        25       320    0.7594    0.6755    0.7558    0.4458   0.04086   0.01111         0
   122/299     9.97G   0.02571  0.006632         0   0.03235        23       320    0.8221    0.6656    0.7734    0.4685   0.04023   0.01064         0
   123/299     9.97G   0.02602  0.006501         0   0.03252        12       320    0.8595    0.6555    0.7677    0.4668   0.04259   0.01031         0
   124/299     9.97G   0.02588  0.006615         0    0.0325        19       320    0.7567    0.7074    0.7734    0.4708   0.04282    0.0107         0
   125/299     9.97G   0.02694  0.006588         0   0.03352        25       320    0.8184    0.7291    0.8029    0.4773   0.04332   0.01044         0
   126/299     9.97G   0.02593  0.006481         0   0.03242        15       320    0.7999     0.709    0.7802    0.4952   0.04197   0.01002         0
   127/299     9.97G    0.0254  0.006222         0   0.03162         3       320    0.8154    0.7089    0.7815    0.4831    0.0417   0.01009         0
   128/299     9.97G   0.02565  0.006498         0   0.03215        22       320    0.8018    0.7324     0.803    0.4998   0.04159    0.0104         0
   129/299     9.97G   0.02587  0.006069         0   0.03193        15       320    0.7699    0.7057    0.7576    0.4718    0.0438   0.01061         0
   130/299     9.97G   0.02548  0.006262         0   0.03174        19       320    0.7679    0.7524    0.7872    0.4735    0.0432   0.01051         0
   131/299     9.97G   0.02451  0.006631         0   0.03114        15       320    0.7924    0.7157    0.7798    0.4708   0.04442   0.01035         0
   132/299     9.97G   0.02531  0.006854         0   0.03217        34       320    0.8175    0.6923    0.7729    0.4822   0.04164   0.01055         0
   133/299     9.97G   0.02477  0.006423         0   0.03119        10       320    0.8244    0.7224    0.7918    0.5074   0.04086   0.01035         0
   134/299     9.97G   0.02441  0.006119         0   0.03053        10       320    0.8247    0.6922    0.7925    0.4878   0.04145    0.0101         0
   135/299     9.97G   0.02524  0.006228         0   0.03147        19       320    0.7921    0.7391    0.8007    0.4871   0.04256   0.01031         0
   136/299     9.97G   0.02468  0.006473         0   0.03115        26       320    0.7932    0.7056    0.7772    0.4778   0.04425   0.01003         0
   137/299     9.97G   0.02417  0.006127         0    0.0303         8       320    0.7548    0.7726    0.8006    0.4904   0.04033   0.01016         0
   138/299     9.97G   0.02417   0.00598         0   0.03015        20       320    0.7406    0.7659    0.7846    0.4759   0.04155   0.01026         0
   139/299     9.97G   0.02399  0.006316         0   0.03031        39       320    0.7991    0.7057    0.7697    0.4771    0.0419   0.01045         0
   140/299     9.97G   0.02454  0.005844         0   0.03038        23       320    0.7762    0.7423    0.7915    0.4951    0.0414   0.01009         0
   141/299     9.97G   0.02464  0.006374         0   0.03101        21       320    0.7739    0.7559    0.7933    0.4908   0.03988   0.01055         0
   142/299     9.97G   0.02546  0.005845         0   0.03131         8       320    0.8457    0.6785    0.7819    0.4789   0.04093   0.01038         0
   143/299     9.97G   0.02368  0.006013         0   0.02969        11       320    0.8703    0.7191    0.8055     0.495   0.04064   0.01064         0
   144/299     9.97G   0.02362  0.006111         0   0.02974        12       320    0.8306    0.7053    0.7947      0.48   0.04111     0.011         0
   145/299     9.97G   0.02419   0.00636         0   0.03055        42       320    0.7491     0.699    0.7556    0.4547   0.04213   0.01141         0
   146/299     9.97G   0.02384  0.006101         0   0.02994        22       320    0.7772    0.7258    0.7759    0.4851   0.04252     0.011         0
   147/299     9.97G   0.02434  0.006231         0   0.03057        24       320    0.7831    0.7157    0.7836    0.4599    0.0426   0.01108         0
   148/299     9.97G   0.02429  0.006072         0   0.03036        13       320    0.7783    0.7291    0.7685    0.4734   0.03998   0.01093         0
   149/299     9.97G   0.02398  0.006071         0   0.03005        23       320    0.7924    0.7157    0.7889    0.4864   0.04017    0.0107         0
   150/299     9.97G   0.02427  0.005917         0   0.03018        34       320    0.7713     0.722    0.7959    0.5006   0.03936   0.01059         0
   151/299     9.97G   0.02436  0.006305         0   0.03067        30       320    0.7696    0.7291    0.7938    0.4931   0.03985   0.01079         0
   152/299     9.97G   0.02398  0.006174         0   0.03016        25       320    0.7882    0.6856    0.7696    0.4836    0.0405   0.01068         0
   153/299     9.97G   0.02451  0.007011         0   0.03152        44       320    0.7524    0.6923    0.7728    0.4632   0.04284   0.01103         0
   154/299     9.97G   0.02372  0.006351         0   0.03008        34       320    0.8117    0.7358    0.7957    0.4937   0.04022   0.01055         0
   155/299     9.97G   0.02397  0.006305         0   0.03027        30       320    0.8664    0.6756    0.7973    0.4937   0.04149   0.01045         0
   156/299     9.97G   0.02431  0.006164         0   0.03047        20       320     0.766    0.5151    0.6054     0.348   0.05727   0.01284         0
   157/299     9.97G   0.02385  0.006054         0   0.02991        15       320    0.6862    0.5484    0.5975    0.3328   0.05356   0.01265         0
   158/299     9.97G   0.02393  0.005902         0   0.02983        19       320    0.6916    0.6756    0.7105    0.4287     0.045   0.01182         0
   159/299     9.97G   0.02355  0.006101         0   0.02965        38       320    0.8233    0.6087    0.7186    0.4209   0.04618   0.01212         0
   160/299     9.97G   0.02331  0.005758         0   0.02907         6       320    0.7932    0.7056    0.7832    0.4884   0.04107   0.01079         0
   161/299     9.97G   0.02401  0.006362         0   0.03037        20       320    0.8595    0.6954    0.8037    0.5024   0.03997   0.01025         0
   162/299     9.97G   0.02344  0.006036         0   0.02947        11       320    0.8542    0.7055    0.8004    0.4869   0.04135   0.01033         0
   163/299     9.97G   0.02343  0.006372         0   0.02981        28       320    0.7295    0.7057    0.7413    0.4356   0.04453    0.0108         0
   164/299     9.97G   0.02298  0.005829         0   0.02881        26       320    0.8267    0.7023    0.8097    0.5023   0.03963   0.01027         0
   165/299     9.97G   0.02411  0.005701         0   0.02981        15       320    0.8165    0.7291    0.8072    0.5054   0.03993   0.01044         0
   166/299     9.97G    0.0223  0.005699         0     0.028         8       320    0.8095    0.7324     0.809    0.5009   0.04036   0.01059         0
   167/299     9.97G   0.02219  0.005525         0   0.02772        25       320    0.7861    0.7759    0.8174    0.5121   0.03922   0.01058         0
   168/299     9.97G   0.02361  0.006149         0   0.02976        21       320    0.7939    0.7859      0.82    0.5298   0.03904   0.01039         0
   169/299     9.97G   0.02344  0.006082         0   0.02952        20       320    0.7846    0.7191    0.7874    0.5049   0.04083   0.01089         0
   170/299     9.97G   0.02416  0.005188         0   0.02935         8       320    0.7659    0.7552    0.7982    0.5076   0.04007   0.01032         0
   171/299     9.97G   0.02279  0.005459         0   0.02825        16       320    0.8054    0.7224    0.7899    0.4986   0.04021   0.01038         0
   172/299     9.97G   0.02205  0.005376         0   0.02742        14       320    0.7781    0.7759    0.8117    0.5032   0.04074   0.01073         0
   173/299     9.97G   0.02162   0.00562         0   0.02724         8       320    0.8051    0.7324    0.8084    0.5077   0.04063   0.01098         0
   174/299     9.97G   0.02255  0.005959         0   0.02851        30       320    0.7749    0.7726    0.8124    0.5089   0.03958   0.01078         0
   175/299     9.97G   0.02407  0.005861         0   0.02993        31       320    0.7999    0.7358    0.7964    0.4896   0.04009   0.01078         0
   176/299     9.97G   0.02267  0.005753         0   0.02842         9       320    0.8391    0.7157    0.8206    0.5074   0.03938   0.01061         0
   177/299     9.97G   0.02246  0.006105         0   0.02856        26       320    0.8395    0.7522    0.8263    0.5174   0.03859   0.01052         0
   178/299     9.97G   0.02176  0.005979         0   0.02774        46       320    0.7949    0.7389    0.8023     0.512   0.03861    0.0107         0
   179/299     9.97G   0.02183  0.005959         0   0.02779        16       320    0.8089    0.7219    0.8061    0.5003   0.03962   0.01062         0
   180/299     9.97G   0.02246   0.00581         0   0.02827        25       320    0.7991    0.7458     0.801    0.4792   0.04166   0.01051         0
   181/299     9.97G   0.02108  0.005348         0   0.02642        23       320    0.8287    0.7282    0.8244    0.5052   0.03832   0.01059         0
   182/299     9.97G   0.02141  0.005548         0   0.02695        15       320    0.8071    0.7558    0.8272    0.5163   0.03842   0.01065         0
   183/299     9.97G   0.02237  0.005703         0   0.02808        29       320    0.8218    0.7557      0.83    0.5181   0.03875   0.01071         0
   184/299     9.97G   0.02298  0.006366         0   0.02935        42       320    0.8482    0.6923    0.8089    0.5216   0.03924   0.01109         0
   185/299     9.97G    0.0214   0.00514         0   0.02654        14       320    0.8398    0.7188    0.8102    0.5023   0.04069   0.01081         0
   186/299     9.97G   0.02149  0.005176         0   0.02666        29       320    0.8072    0.7422       0.8    0.5013   0.03992   0.01086         0
   187/299     9.97G   0.02138  0.005479         0   0.02686        33       320    0.8138    0.7457     0.805    0.5107   0.04025   0.01048         0
   188/299     9.97G   0.02178  0.005523         0    0.0273        21       320    0.7842    0.7659    0.7992    0.4981   0.04098   0.01046         0
   189/299     9.97G   0.01986  0.005387         0   0.02525        18       320    0.8078    0.6889    0.7919    0.4851   0.04118   0.01061         0
   190/299     9.97G   0.02215  0.005763         0   0.02792        22       320    0.7882    0.7591    0.8116    0.4924   0.04206   0.01045         0
   191/299     9.97G   0.02239  0.005913         0    0.0283        24       320    0.7869    0.7656    0.8091     0.493   0.04036   0.01073         0
   192/299     9.97G   0.02137  0.005464         0   0.02683        13       320    0.7796    0.7692    0.8125    0.4996   0.03938   0.01093         0
   193/299     9.97G    0.0213  0.005441         0   0.02675        12       320    0.8564    0.7191    0.8102    0.5129   0.04053   0.01088         0
   194/299     9.97G   0.02164  0.005337         0   0.02698        14       320    0.8296    0.7191    0.7971    0.4948   0.04151   0.01093         0
   195/299     9.97G   0.02171  0.006346         0   0.02805        72       320    0.8267    0.7057    0.7994     0.501   0.04071    0.0107         0
   196/299     9.97G   0.02073  0.005278         0     0.026        31       320    0.8178    0.7357    0.7994    0.4948   0.04058   0.01085         0
   197/299     9.97G   0.02032  0.005605         0   0.02592        16       320    0.8116    0.7491    0.8055    0.4924   0.04054   0.01097         0
   198/299     9.97G    0.0197  0.005376         0   0.02507        28       320    0.7951    0.7658    0.8173    0.5177   0.03962   0.01077         0
   199/299     9.97G   0.02214  0.005587         0   0.02773        61       320    0.8225    0.7291    0.8013    0.5028    0.0399   0.01083         0
   200/299     9.97G   0.02088  0.005139         0   0.02602         5       320    0.7844    0.7422    0.7915    0.4962     0.041    0.0108         0
   201/299     9.97G   0.02112  0.006078         0    0.0272        26       320    0.7615    0.7692    0.7946    0.5011   0.03965   0.01076         0
   202/299     9.97G   0.02135  0.005635         0   0.02698        25       320    0.8331    0.7525    0.8094    0.5095   0.03886   0.01117         0
   203/299     9.97G    0.0198  0.005004         0    0.0248         5       320    0.8073    0.7291    0.8043    0.4977   0.03896   0.01144         0
   204/299     9.97G   0.02005  0.005584         0   0.02563        15       320    0.7977    0.7258     0.795    0.4955   0.04035   0.01129         0
   205/299     9.97G   0.01988  0.005349         0   0.02523        18       320    0.8332    0.7191    0.7927    0.4961   0.04062   0.01118         0
   206/299     9.97G   0.01973  0.005232         0   0.02496        45       320    0.8072    0.7157    0.7905    0.4873   0.04109   0.01107         0
   207/299     9.97G   0.02173  0.005665         0    0.0274        40       320     0.805    0.7324    0.8017    0.4989   0.03958   0.01119         0
   208/299     9.97G   0.02143  0.005356         0   0.02679        28       320    0.8242    0.7525    0.8124    0.4964   0.04111   0.01104         0
   209/299     9.97G   0.02041  0.005161         0   0.02557        15       320    0.7961    0.7592    0.8101    0.4954   0.04149   0.01099         0
   210/299     9.97G   0.02108   0.00544         0   0.02652        14       320    0.8059    0.7358    0.7956    0.4802   0.04132   0.01131         0
   211/299     9.97G   0.01999  0.005535         0   0.02553        43       320    0.8117    0.7352    0.8102    0.4952   0.03952   0.01125         0
   212/299     9.97G   0.02153  0.006089         0   0.02762        50       320    0.8119    0.7391     0.799    0.4963   0.03982   0.01156         0
   213/299     9.97G   0.02095  0.005527         0   0.02647        20       320    0.8302    0.7357    0.8037    0.4897   0.03999   0.01177         0
   214/299     9.97G   0.01983  0.005691         0   0.02552        39       320    0.7868    0.7291    0.8039    0.4992   0.03988   0.01143         0
   215/299     9.97G   0.02085  0.005457         0   0.02631        25       320    0.7954    0.7157    0.7877    0.4877   0.04018   0.01149         0
   216/299     9.97G   0.02064  0.005554         0   0.02619        21       320    0.8264    0.7023    0.7934    0.4925   0.04013   0.01136         0
   217/299     9.97G   0.02049   0.00547         0   0.02596        29       320     0.738    0.7926    0.8133    0.5073   0.03999    0.0114         0
   218/299     9.97G   0.02131  0.005446         0   0.02676        21       320    0.7947    0.7258    0.7975    0.4948   0.04018   0.01142         0
   219/299     9.97G   0.02014  0.005488         0   0.02563        29       320     0.848    0.6717    0.7941    0.4888   0.04002   0.01143         0
   220/299     9.97G   0.02065   0.00562         0   0.02627        18       320    0.7533    0.7558    0.7886    0.4852   0.04119   0.01119         0
   221/299     9.97G   0.01944  0.005433         0   0.02487         4       320    0.8176    0.7391    0.8014    0.4973   0.04057   0.01144         0
   222/299     9.97G   0.01937  0.005145         0   0.02451        21       320    0.8255    0.7458    0.8013    0.4986   0.04011   0.01148         0
   223/299     9.97G   0.02014  0.005625         0   0.02576        14       320    0.8202    0.7324    0.8046    0.5043   0.04011   0.01129         0
   224/299     9.97G   0.02032  0.005215         0   0.02554        23       320    0.7985    0.7291    0.7814    0.4927   0.03992   0.01146         0
   225/299     9.97G   0.01871   0.00531         0   0.02402        17       320    0.8095    0.7389    0.8023    0.5059   0.04061   0.01131         0
   226/299     9.97G   0.01937   0.00508         0   0.02445        22       320    0.7815    0.7559    0.7986    0.4925   0.03995   0.01189         0
   227/299     9.97G   0.01906  0.005066         0   0.02412        18       320    0.8262    0.7157    0.7895    0.4861   0.03966   0.01188         0
   228/299     9.97G   0.02046  0.005235         0   0.02569        19       320    0.8124    0.7124    0.7742    0.4699   0.04068   0.01215         0
   229/299     9.97G   0.01844  0.005433         0   0.02387        22       320      0.83    0.7185    0.7797    0.4814   0.03922   0.01223         0
   230/299     9.97G   0.01836  0.004784         0   0.02315         9       320    0.8109    0.7458      0.79    0.4964   0.03857   0.01209         0
   231/299     9.97G   0.01984  0.005044         0   0.02489        21       320    0.8208    0.7358     0.789    0.4887   0.03873   0.01204         0
   232/299     9.97G   0.01909  0.005164         0   0.02426        24       320    0.8096    0.7255    0.7861    0.4873   0.03812   0.01247         0
   233/299     9.97G   0.01972  0.005388         0    0.0251        46       320    0.8058    0.7224     0.787    0.4939   0.03847   0.01224         0
   234/299     9.97G   0.01966  0.005559         0   0.02522        23       320    0.8234    0.7191    0.7919    0.4937   0.03837   0.01209         0
   235/299     9.97G   0.01859  0.005169         0   0.02376        14       320    0.8195     0.729    0.7862    0.4935   0.03855   0.01246         0
   236/299     9.97G   0.01869  0.005017         0   0.02371        28       320     0.834    0.7223    0.7947    0.5049   0.03857    0.0122         0
   237/299     9.97G   0.01945  0.005031         0   0.02448        32       320    0.7785    0.7525    0.7896    0.4926   0.03882   0.01246         0
   238/299     9.97G   0.01863  0.005009         0   0.02364        12       320    0.8371    0.7057    0.7955    0.5008    0.0385    0.0121         0
   239/299     9.97G   0.01913  0.005406         0   0.02454        23       320    0.8352    0.7124    0.7947    0.5017   0.03839   0.01203         0
   240/299     9.97G   0.01898  0.005129         0   0.02411        15       320    0.8178    0.7358    0.7992     0.497   0.03835   0.01205         0
   241/299     9.97G   0.01924  0.005402         0   0.02465        36       320    0.7556    0.7659    0.7961     0.503   0.03843   0.01188         0
   242/299     9.97G   0.01757  0.004816         0   0.02239         4       320    0.7986    0.7691    0.7998    0.5059   0.03851   0.01162         0
   243/299     9.97G   0.01856  0.005641         0    0.0242        34       320    0.7874    0.7555    0.7984    0.5069   0.03866   0.01179         0
   244/299     9.97G   0.01841  0.004463         0   0.02288         7       320    0.8152    0.7391    0.7938    0.5044   0.03938   0.01214         0
   245/299     9.97G    0.0183  0.004964         0   0.02326         5       320    0.7999    0.7353    0.7904    0.4992   0.03971   0.01224         0
   246/299     9.97G   0.01908  0.005423         0    0.0245         4       320    0.7946    0.7258    0.7943    0.5041   0.03954   0.01213         0
   247/299     9.97G   0.01846  0.005107         0   0.02357        20       320    0.8085    0.7258     0.792    0.5016   0.03928   0.01212         0
   248/299     9.97G   0.01877  0.005554         0   0.02433        36       320    0.8102    0.7423    0.7948    0.4956   0.04005   0.01209         0
   249/299     9.97G   0.01924  0.004989         0   0.02423         7       320    0.8595    0.6956    0.8029     0.503   0.03862    0.0122         0
   250/299     9.97G    0.0193   0.00567         0   0.02497        49       320    0.7694    0.7587    0.7999      0.51   0.03873   0.01208         0
   251/299     9.97G   0.01898  0.005684         0   0.02467        32       320    0.8178    0.7525    0.8033    0.5109   0.03897     0.012         0
   252/299     9.97G   0.01859   0.00526         0   0.02385        20       320    0.8479    0.7124    0.8008    0.5077    0.0391   0.01213         0
   253/299     9.97G   0.01853  0.004476         0   0.02301        12       320    0.8417    0.7124    0.7911     0.506    0.0389   0.01211         0
   254/299     9.97G   0.01805  0.005315         0   0.02336        37       320    0.8333    0.7357    0.7947    0.5072   0.03933   0.01192         0
   255/299     9.97G   0.01762   0.00485         0   0.02247        23       320    0.8429    0.7356    0.7994    0.5118   0.03909   0.01182         0
   256/299     9.97G   0.01902  0.005017         0   0.02404        32       320    0.8229    0.7458     0.802    0.5218   0.03909   0.01168         0
   257/299     9.97G   0.01826   0.00479         0   0.02305        12       320    0.8148    0.7357     0.796    0.5114   0.03902   0.01188         0
   258/299     9.97G   0.01912  0.005212         0   0.02434        19       320     0.828    0.7082    0.7925     0.507   0.03967   0.01179         0
   259/299     9.97G   0.01717   0.00443         0    0.0216        14       320    0.8674    0.6789    0.7866    0.5056   0.03961   0.01187         0
   260/299     9.97G   0.01845   0.00511         0   0.02356        18       320    0.7948    0.7253    0.7882     0.518    0.0389   0.01172         0
   261/299     9.97G   0.01865  0.005141         0   0.02379        26       320    0.8149    0.7291    0.7982    0.5202   0.03878    0.0117         0
   262/299     9.97G   0.01856  0.005292         0   0.02385        17       320    0.8253    0.7425    0.8068    0.5193   0.03841   0.01171         0
   263/299     9.97G   0.01859  0.005173         0   0.02376        30       320    0.7999    0.7488     0.808    0.5193    0.0382    0.0119         0
   264/299     9.97G   0.01789  0.004666         0   0.02256         9       320       0.8    0.7625    0.8082    0.5197   0.03858   0.01181         0
   265/299     9.97G   0.01743  0.004983         0   0.02242        29       320    0.8314    0.7423    0.8074     0.515   0.03874    0.0119         0
   266/299     9.97G   0.01795  0.004737         0   0.02269        23       320    0.8437    0.7224    0.8075    0.5171   0.03811   0.01204         0
   267/299     9.97G   0.01831  0.005113         0   0.02343        36       320    0.8568     0.709    0.8001    0.5182    0.0385   0.01194         0
   268/299     9.97G     0.018  0.004933         0   0.02293        14       320    0.8178    0.7357    0.7967    0.5061   0.03918   0.01183         0
   269/299     9.97G   0.01849  0.005282         0   0.02377        27       320    0.7909     0.759    0.8044    0.5096   0.03892   0.01192         0
   270/299     9.97G   0.01745  0.004664         0   0.02212         6       320    0.8418    0.7124    0.8015    0.5047   0.03894   0.01204         0
   271/299     9.97G   0.01811   0.00468         0   0.02279        20       320    0.8252    0.7423    0.8036    0.5068   0.03925   0.01188         0
   272/299     9.97G   0.01769  0.005017         0    0.0227        36       320    0.8028    0.7492     0.797    0.5095   0.03924   0.01189         0
   273/299     9.97G   0.01775  0.004782         0   0.02253        35       320    0.8154    0.7391    0.7991    0.5084   0.03893    0.0119         0
   274/299     9.97G   0.01743  0.004349         0   0.02178        11       320    0.8132    0.7424    0.7971    0.5061   0.03921   0.01196         0
   275/299     9.97G   0.01768  0.005236         0   0.02291        13       320     0.832    0.7291    0.8034      0.51   0.03948   0.01211         0
   276/299     9.97G   0.01766  0.004375         0   0.02204        18       320    0.7685    0.7659    0.8034    0.5174   0.03919   0.01212         0
   277/299     9.97G   0.01696  0.004787         0   0.02175         9       320    0.7842    0.7659     0.804    0.5205   0.03846   0.01199         0
   278/299     9.97G   0.01888  0.005432         0   0.02431        35       320    0.8243    0.7215    0.8051    0.5186    0.0382   0.01197         0
   279/299     9.97G   0.01724  0.004971         0   0.02221        33       320     0.768    0.7659    0.8005    0.5165   0.03833   0.01201         0
   280/299     9.97G   0.01733  0.004811         0   0.02214         6       320    0.7655    0.7759    0.8024    0.5182   0.03787   0.01197         0
   281/299     9.97G   0.01784  0.005328         0   0.02317        25       320    0.7889    0.7624    0.8104    0.5205   0.03788   0.01193         0
   282/299     9.97G   0.01791  0.005231         0   0.02314        28       320     0.816    0.7425    0.8048    0.5211   0.03809   0.01187         0
   283/299     9.97G   0.01821  0.004906         0   0.02311        20       320    0.8145     0.749       0.8      0.52   0.03799   0.01206         0
   284/299     9.97G   0.01703   0.00454         0   0.02157        10       320    0.7663    0.7826    0.8024    0.5194   0.03802   0.01209         0
   285/299     9.97G   0.01698  0.005045         0   0.02202        30       320    0.7868    0.7659    0.8012    0.5162   0.03779   0.01235         0
   286/299     9.97G   0.01751  0.004958         0   0.02246        20       320    0.8078    0.7458    0.7994    0.5125    0.0381   0.01249         0
   287/299     9.97G   0.01765  0.004628         0   0.02228        23       320    0.7915     0.749    0.8091    0.5179   0.03822   0.01236         0
   288/299     9.97G   0.01704  0.004792         0   0.02183         4       320    0.7758    0.7524    0.8017    0.5077   0.03841   0.01235         0
   289/299     9.97G   0.01737  0.004568         0   0.02194        11       320     0.806    0.7223     0.796     0.505   0.03886   0.01219         0
   290/299     9.97G   0.01712  0.004954         0   0.02207        12       320    0.8233    0.7191    0.7981    0.5073   0.03854   0.01223         0
   291/299     9.97G   0.01769  0.004807         0   0.02249        19       320    0.8111    0.7324    0.7977    0.5072   0.03834   0.01217         0
   292/299     9.97G   0.01689  0.004806         0    0.0217        29       320    0.8304    0.7224    0.7995    0.5144   0.03818   0.01221         0
   293/299     9.97G   0.01866   0.00561         0   0.02427        42       320    0.8566     0.719    0.8075    0.5159   0.03753   0.01226         0
   294/299     9.97G   0.01768  0.004747         0   0.02243        21       320     0.813    0.7425    0.8087    0.5196    0.0375   0.01221         0
   295/299     9.97G   0.01653  0.004528         0   0.02106         5       320    0.8097    0.7257    0.7967    0.5182   0.03809   0.01216         0
   296/299     9.97G   0.01897  0.005193         0   0.02416        25       320    0.8483    0.6922    0.7921    0.5132    0.0379    0.0123         0
   297/299     9.97G   0.01694  0.004598         0   0.02153        15       320    0.7935    0.7458    0.8066     0.521   0.03769   0.01224         0
   298/299     9.97G    0.0181   0.00511         0   0.02321        40       320    0.8269    0.7189    0.7959    0.5211   0.03847   0.01207         0
   299/299     9.97G   0.01735  0.005204         0   0.02255        30       320    0.8102    0.7425    0.8075    0.5184   0.03863   0.01212         0
